.Random.seed <-
c(403L, 10L, -1552661524L, 1662740591L, -1027274843L, 340037468L, 
-1989422286L, -762029523L, 404084967L, -1823163890L, -980342808L, 
-1830307349L, 1594960521L, -216661480L, -1971148474L, -315193439L, 
-1557722573L, 816916386L, -415685996L, -1623885545L, 189228813L, 
1802624548L, -968276470L, -1353646219L, -1403729201L, 1425083862L, 
-563445376L, 1726962115L, -472772767L, -1739246128L, -1281350354L, 
269522137L, -2001604885L, -260732070L, 1933110556L, 2075274271L, 
-1108963211L, -1168306932L, -1587879710L, -775018051L, -135057865L, 
-1921383202L, -479969256L, -1675198597L, -1894064359L, 882402216L, 
1907594070L, 2105215953L, -1045241981L, -1019500014L, 1119772068L, 
-1428428441L, -1377290563L, 375201332L, 791233946L, -1466342939L, 
265047423L, 1024713990L, -1293058416L, 2032449331L, 72484049L, 
-166281600L, -100251810L, -1412176727L, 110024539L, 1512959338L, 
531193868L, -1261561777L, 683708677L, -702371396L, 804174994L, 
1035323277L, -1335935033L, -1276681042L, 1807238408L, 1364947723L, 
183524841L, -1324340552L, 1983049062L, 182658561L, 1792692371L, 
-183030974L, -1261771532L, 1616466167L, -1853781779L, 1700506500L, 
854746538L, 865336085L, 1512696239L, -1000298058L, -3174432L, 
1352621859L, -1059696575L, -389936336L, -1487961778L, 985691065L, 
623502795L, -386132358L, -156951684L, 715994047L, 483974293L, 
676700844L, -721174398L, 2067992669L, 69691223L, 826284606L, 
-537612680L, 706153819L, -1694810951L, -198568696L, 1841371062L, 
-1748763407L, -985883869L, -1326359182L, -1804945468L, 283661191L, 
1991311709L, -2103574700L, -997948038L, -2103459643L, -1360543201L, 
361072038L, -1158633680L, 322317779L, 883661809L, 1105288480L, 
2081176510L, 1324626889L, 2128937851L, 384082250L, 411479468L, 
1098324143L, -555834779L, -551036388L, 2025198706L, -1659712787L, 
-74164441L, -1610640562L, -703947864L, -1271963733L, -316527415L, 
526286040L, 1068384646L, -701573023L, 1306450419L, -992393118L, 
-131531052L, -1378883625L, 967996877L, 1431277924L, 1469633866L, 
-1231694667L, 340128783L, -559231722L, 1793734592L, 789668739L, 
774115745L, 177765776L, 854773358L, -770000871L, 510551211L, 
-1597097830L, -1346394020L, -158063265L, 1542139701L, -762322228L, 
1472831522L, -1497994627L, -633831561L, -1509199714L, -1780813992L, 
-1059538245L, 881083481L, -368762904L, 906807830L, 1299123601L, 
-1979066813L, -115448494L, -2122610204L, 1315858471L, 1403942013L, 
771668340L, -369330854L, -1813412955L, 2086466495L, -1207779258L, 
949489360L, -1995900685L, -1165668847L, -1650337728L, -1638872034L, 
-948868375L, -2143285221L, 1328224298L, 379849548L, -2101581553L, 
568843333L, -965698052L, -1242444718L, 769363405L, 1099239303L, 
1336126062L, -259765688L, 1265998923L, -1917960791L, -1343573768L, 
582464550L, 195671361L, -1157250349L, 1970424450L, -870256460L, 
-39182281L, 1875522349L, 1586047044L, 1931908458L, -173588011L, 
-1476380817L, -1437372810L, -1738890848L, 1805133411L, -56017151L, 
376573552L, 572713486L, -969497991L, -2012484085L, 1070006074L, 
1222133308L, 1188064639L, -1462321451L, -638802924L, -1574797016L, 
-1200817606L, -722725680L, -610091924L, 2127503028L, 872245266L, 
1629171680L, -1348670516L, 660686304L, 1807743522L, 1264481576L, 
-126587636L, 803391036L, -631826190L, -1412806928L, -1899405500L, 
1341490776L, 440789562L, -1089171728L, -215926596L, 663419412L, 
-2099217214L, -939996064L, -1724306052L, -1256081200L, -418288606L, 
513697448L, -1246467188L, -33876548L, -576838606L, 102125376L, 
301524148L, -11018424L, -1156377926L, 1851326224L, -1012988692L, 
1104989268L, -2108444910L, 222953376L, -510655540L, 231660384L, 
-1638284094L, -1164788184L, 141393324L, -53368004L, -981543054L, 
1727758128L, 2098943524L, 401402936L, -715888422L, -1856209520L, 
1312709372L, 974357396L, 1743904578L, -807180800L, -1227854276L, 
-280554928L, 449150626L, 99216200L, -1640340980L, 96098524L, 
361273938L, -1713670016L, 892625748L, 838438376L, 271585018L, 
1071975248L, 69143596L, -2080417420L, -1977461102L, 1962180192L, 
107206284L, -1165682848L, 964272866L, 1852264616L, 1245945036L, 
-928239108L, 165300146L, 864004592L, -1043360316L, -1810173096L, 
-116764806L, -1527028304L, 1052343740L, -353751980L, 1587048386L, 
1359034144L, -1978481732L, -488292784L, -242058782L, 580855144L, 
-731130548L, -2087346948L, 756220658L, 1305914112L, -1723937164L, 
-1392018424L, 1379895738L, -1298363440L, -444918292L, -1421025388L, 
531369682L, -1530074528L, -497347252L, -26136288L, -239843710L, 
1597392360L, 1738234860L, 574814780L, -609966478L, 1370413936L, 
-1776871132L, -964261320L, 118344090L, 682667472L, -1061884484L, 
1665959060L, -956608382L, -394439232L, -791623876L, -890824560L, 
188672802L, -355409400L, 292872460L, -1335318116L, 1555864082L, 
-400605312L, 1571738388L, -1226082008L, -1275396038L, 888124368L, 
808535660L, 29110836L, -1002252654L, 65416544L, -313122484L, 
1417991136L, -1015176798L, -1941216856L, 921386636L, 1006785980L, 
1174315634L, 2115537904L, -296666556L, 1204478040L, 841552954L, 
-1659184016L, 1013695548L, 1969265940L, 1758413506L, 2055976672L, 
1310227580L, -645733680L, 1551057314L, -579931096L, 1360492300L, 
701719996L, 1249904434L, 2018184896L, -1693407180L, 1007423176L, 
102541498L, 321880720L, 897615596L, 1843679828L, -833433966L, 
1230886176L, -1340834356L, 262205152L, 738360514L, 1610325032L, 
47432620L, -407599428L, -1137899534L, 734278192L, -736216156L, 
-1445321288L, 1088284506L, -237315952L, -1790744708L, 1643267348L, 
1314586946L, 1270553856L, 413598140L, 95657296L, -1563391710L, 
1537765960L, -481936372L, 1540944476L, -1715120686L, -1406222848L, 
725569876L, 145130728L, 810473722L, 1630360272L, -1273258196L, 
-156009228L, 1305933202L, -877901472L, -1049294836L, -1834047264L, 
-434026910L, 270037160L, 1013274700L, -1007437956L, -1103823566L, 
-2064290192L, -712145084L, 844278744L, 1666936698L, -1980775376L, 
1994850236L, 1744280148L, -694128574L, 578328224L, -1817703748L, 
-1114642480L, -1695159966L, -890828056L, 396006604L, 2127645180L, 
-408825358L, -163344256L, 495046132L, -280049016L, -1236228294L, 
1514599336L, -474719994L, 1737963571L, -193835371L, 16959218L, 
880793408L, -1187855191L, 777812251L, 1142046444L, 1236034298L, 
-1091966161L, 479179577L, 1634182478L, 476042140L, 494721293L, 
-880084105L, 222252928L, 601267678L, -12221781L, -515162707L, 
1211290138L, 1785980120L, 1848822081L, -255806989L, 335648788L, 
-1789403742L, 1500633783L, 1115108481L, 1050084486L, -1699839804L, 
687955445L, 114067551L, -1700965704L, -299013226L, 1296808355L, 
2114792805L, 1481231490L, 287696368L, 1931260825L, 472921483L, 
1332650108L, 1874289322L, 81951967L, -1409230231L, -1208526722L, 
-1764679572L, 1755642045L, 2067188103L, -492143248L, 1023395854L, 
389834043L, -1039250915L, -1979494710L, 942533096L, -1624834351L, 
-1000875325L, 634180036L, -1967409550L, -536156345L, 690460433L, 
1563544214L, 289484788L, -2062329467L, -2094500657L, -1800204856L, 
1178100838L, -1584758125L, 1600350709L, -1672223790L, -666290144L, 
108777993L, 285649723L, -1831985524L, -1224625382L, -730139249L, 
26757849L, -1386494610L, -263198468L, -374656403L, 167505431L, 
62680032L, -2019133506L, 1168041355L, -1049053683L, -138417606L, 
-1874550152L, -1363359199L, 1536992467L, 1203741684L, -1508768638L, 
1783762199L, 1383767009L, 474803494L, -165499868L, -165763371L, 
952910463L, 231805720L, -39908810L, -178066237L, -291471099L, 
252041378L, -593973616L, -377812423L, -2102226197L, 212022236L, 
-1477913078L, 278513919L, 127249737L, -2011062562L, 814744716L, 
171504733L, 1075751527L, 1577063312L, -1949452370L, -353135013L, 
1269836349L, 1341963434L, 1551437128L, 4747633L, -389916957L, 
1184447972L, -1728761582L, -1675719449L, -362022223L, -424582922L, 
-425956588L, -1747155931L, -1786683089L, -2048272664L, -1195301946L, 
1938118259L, 544045269L, -181853518L, 696478336L, 1470450281L, 
1359912667L, 493746732L, 316756538L, 315497711L, -2025345159L, 
-1586449394L, 1547413980L, -529929651L, 1518778807L, 2061195072L, 
